3,2
3,1
3,3
10,74
10,166
10,6
10,224
10,244
10,150
10,90
10,252
10,2
10,3
12,2
12,1
12,3
20,2
20,1
20,3
19,2
19,1
19,3
31,4
31,3
31,2
31,1
31,0
28,5
28,4
28,3
28,2
28,1
28,0
27,4
27,3
27,2
27,1
27,0
26,3
26,2
26,1
26,0
24,4
24,3
24,2
24,1
24,0
23,3
23,2
23,1
23,0
11,29
11,28
11,27
11,26
11,25
11,24
11,23
11,22
11,21
11,20
11,19
11,18
11,17
11,16
11,15
11,14
18,1
11,13
11,12
11,11
11,10
11,9
11,8
11,7
11,6
11,5
11,4
11,3
18,3
14,1
11,2
11,1
11,0
10,1
14,3
13,1
10,31
9,7
9,6
9,5
9,4
9,3
9,2
9,1
13,3
9,0
8,18
8,17
8,16
8,15
8,14
8,13
8,12
8,11
